y: [7. 2. 2. 1. 8. 8. 1. 4. 1. 6.]
h: [7.1413608 4.196932  1.6884813 1.3903193 7.182021  7.6351213 1.2553995 4.8013153 1.1000915 7.097312 ]

Net() result: { 2 layer & no_dropout }
y: [5. 4. 7. 1. 6. 7. 6. 3. 7. 5.]
h: [7.2985315 4.360385  6.570834  1.4230795 5.833946  6.3842797 4.45476 3.7100983 6.702205  4.4870825]
7.3589863777160645
42.96794867515564 

Net2() result: { 3 layer & no_dropout }
y: [5. 4. 7. 1. 6. 7. 6. 3. 7. 5.]
h: [7.365306  4.5811515 6.6288843 1.1196752 5.9635344 6.3673043 4.4942856 3.4673212 6.3662887 4.986512 ]
6.726644277572632
38.67875695228577 

Net3()  
y: [1. 6. 2. 6. 4. 3. 3. 7. 2. 7.]
h: [1.2458553 5.8374023 2.8304305 4.776349  4.855676  2.7869945 3.0898438
 5.8265247 2.1973422 6.360239 ]
5.631638288497925
50.92208695411682 

y: [3. 2. 7. 5. 1. 4. 7. 7. 8. 5.]
h: [2.5303361 2.265036  6.526244  5.070426  2.1455035 3.3499892 7.337849
 6.6398206 7.53561   4.559573 ]
4.677241325378418
38.71635138988495 

Net5() 
y: [2. 2. 1. 1. 1. 6. 4. 6. 3. 8.]
h: [2.3509374 1.6987278 1.2459685 1.176225  1.6855489 4.9172006 5.151998
 5.6896214 4.011352  7.678897 ]
5.637583017349243
43.53389024734497 


Net2
L1 loss: 0.7658396437764168
L2 loss: 1.0993021726608276
net6
L1 loss: 0.8032945916056633
L2 loss: 1.1620190143585205